100
9999931
3
5462959
8603593
7203246
140839
9999972
1221469
3910981
9999929
3132736
12
2896297
9999991
4751053
9999997
4461643
6463741
6735763
3929879
6
8460583
592432
10
11
3855409
3877633
9325574
9999999
6716541
9682616
8
9999930
1862603
2044523
2295773
3410821
2360890
9299449
9999163
4
7551991
8697851
3702389
1264969
6704676
5001361
3191803
3949061
6537523
1281246
8763892
3023326
9
928009
7742461
86293
6865010
7783893
5
3323191
6987083
2
1481717
8248729
9999162
4125389
1144
4046177
9987391
9999973
4461642
4170220
5388168
9999998
9999995
7
9999996
9971849
1
9309119
10000000
4461641
615403
5094841
13
559513
390548
2872729
4572049
9516811
6697461
9999971
9999161
7762723
1750607
1507483
8237213
5331653
8873129
